playerFace 448 288 56 44
playerFace_dark 448 240 60 48
playerFace_outline 448 192 60 48
player_01 558 0 42 50
player_02 554 158 42 50
player_03 546 350 42 50
player_04 546 300 42 50
player_05 512 54 46 54
player_06 508 192 46 54
player_07 497 494 46 54
player_08 508 246 46 54
player_09 512 0 46 54
player_10 497 440 46 54
player_11 512 108 45 50
player_12 493 548 45 50
player_13 448 548 45 50
player_14 543 440 45 50
player_15 543 490 45 50
player_16 538 548 45 50
player_17 448 440 49 54
player_18 497 332 49 54
player_19 448 494 49 54
player_20 497 386 49 54
player_21 448 386 49 54
player_22 448 332 49 54
player_23 554 208 42 50
player_24 557 108 42 50
