crate_01 384 256 64 64
crate_02 384 192 64 64
crate_03 384 128 64 64
crate_04 384 64 64 64
crate_05 384 0 64 64
crate_06 320 512 64 64
crate_07 256 64 64 64
crate_08 0 320 64 64
crate_09 0 256 64 64
crate_10 320 256 64 64
crate_11 0 128 64 64
crate_12 320 128 64 64
crate_13 320 64 64 64
crate_14 320 0 64 64
crate_15 256 512 64 64
crate_16 256 448 64 64
crate_17 256 384 64 64
crate_18 256 320 64 64
crate_19 256 256 64 64
crate_20 256 192 64 64
crate_21 256 128 64 64
crate_22 256 0 64 64
crate_23 0 512 64 64
crate_24 0 384 64 64
crate_25 192 464 64 64
crate_26 192 400 64 64
crate_27 192 336 64 64
crate_28 192 272 64 64
crate_29 192 208 64 64
crate_30 192 144 64 64
crate_31 192 80 64 64
crate_32 192 40 64 40
crate_33 192 0 64 40
crate_34 128 528 64 40
crate_35 128 488 64 40
crate_36 128 448 64 40
crate_37 128 384 64 64
crate_38 128 320 64 64
crate_39 128 256 64 64
crate_40 128 192 64 64
crate_41 128 128 64 64
crate_42 128 64 64 64
crate_43 128 0 64 64
crate_44 64 512 64 64
crate_45 64 448 64 64
