block_01 320 448 64 64
block_02 320 384 64 64
block_03 448 64 64 64
block_04 448 0 64 64
block_05 384 512 64 64
block_06 384 448 64 64
block_07 384 384 64 64
block_08 384 320 64 64
crate_01 384 256 64 64
crate_02 384 192 64 64
crate_03 384 128 64 64
crate_04 384 64 64 64
crate_05 384 0 64 64
crate_06 320 512 64 64
crate_07 256 64 64 64
crate_08 0 320 64 64
crate_09 0 256 64 64
crate_10 320 256 64 64
crate_11 0 128 64 64
crate_12 320 128 64 64
crate_13 320 64 64 64
crate_14 320 0 64 64
crate_15 256 512 64 64
crate_16 256 448 64 64
crate_17 256 384 64 64
crate_18 256 320 64 64
crate_19 256 256 64 64
crate_20 256 192 64 64
crate_21 256 128 64 64
crate_22 256 0 64 64
crate_23 0 512 64 64
crate_24 0 384 64 64
crate_25 192 464 64 64
crate_26 192 400 64 64
crate_27 192 336 64 64
crate_28 192 272 64 64
crate_29 192 208 64 64
crate_30 192 144 64 64
crate_31 192 80 64 64
crate_32 192 40 64 40
crate_33 192 0 64 40
crate_34 128 528 64 40
crate_35 128 488 64 40
crate_36 128 448 64 40
crate_37 128 384 64 64
crate_38 128 320 64 64
crate_39 128 256 64 64
crate_40 128 192 64 64
crate_41 128 128 64 64
crate_42 128 64 64 64
crate_43 128 0 64 64
crate_44 64 512 64 64
crate_45 64 448 64 64
environment_01 64 384 64 64
environment_02 0 576 20 20
environment_03 64 256 64 64
environment_04 64 192 64 64
environment_05 20 576 20 20
environment_06 64 64 64 64
environment_07 64 0 64 64
environment_08 80 576 20 20
environment_09 0 448 64 64
environment_10 60 576 20 20
environment_11 128 568 28 28
environment_12 156 568 28 28
environment_13 0 192 64 64
environment_14 40 576 20 20
environment_15 0 64 64 64
environment_16 0 0 64 64
ground_01 64 128 64 64
ground_02 64 320 64 64
ground_03 320 320 64 64
ground_04 320 192 64 64
ground_05 448 128 64 64
ground_06 192 528 64 64
playerFace 448 288 56 44
playerFace_dark 448 240 60 48
playerFace_outline 448 192 60 48
player_01 558 0 42 50
player_02 554 158 42 50
player_03 546 350 42 50
player_04 546 300 42 50
player_05 512 54 46 54
player_06 508 192 46 54
player_07 497 494 46 54
player_08 508 246 46 54
player_09 512 0 46 54
player_10 497 440 46 54
player_11 512 108 45 50
player_12 493 548 45 50
player_13 448 548 45 50
player_14 543 440 45 50
player_15 543 490 45 50
player_16 538 548 45 50
player_17 448 440 49 54
player_18 497 332 49 54
player_19 448 494 49 54
player_20 497 386 49 54
player_21 448 386 49 54
player_22 448 332 49 54
player_23 554 208 42 50
player_24 557 108 42 50
